4 0.000002
4 0.000003
4 0.000002
4 0.000002
4 0.000002
4 0.000004
10 0.000002
10 0.000007
10 0.000004
10 0.000008
10 0.000004
10 0.000004
10 0.000003
10 0.000005
10 0.000006
10 0.000004
10 0.000005
10 0.000008
10 0.000004
10 0.000004
10 0.000003
10 0.000005
10 0.000003
10 0.000005
10 0.000004
10 0.000005
10 0.000003
10 0.000005
10 0.000003
10 0.000004
10 0.000003
10 0.000006
10 0.000005
10 0.000004
10 0.000004
10 0.000007
10 0.000007
10 0.000007
10 0.000006
10 0.000008
10 0.000003
10 0.000003
10 0.000002
10 0.000002
10 0.000005
10 0.000002
10 0.000001
10 0.000003
10 0.000001
10 0.000002
10 0.000000
10 0.000002
10 0.000002
10 0.000000
10 0.000002
10 0.000001
10 0.000002
10 0.000001
10 0.000002
10 0.000002
10 0.000001
10 0.000002
10 0.000001
8 0.000003
8 0.000001
8 0.000002
10 0.000001
10 0.000002
10 0.000001
10 0.000003
10 0.000001
10 0.000002
10 0.000000
10 0.000002
10 0.000001
10 0.000002
10 0.000000
10 0.000002
10 0.000002
10 0.000000
10 0.000002
10 0.000000
10 0.000002
10 0.000000
10 0.000001
10 0.000003
10 0.000002
10 0.000003
10 0.000002
10 0.000003
10 0.000002
10 0.000003
10 0.000003
10 0.000002
10 0.000002
10 0.000003
10 0.000002
10 0.000003
10 0.000002
10 0.000003
10 0.000004
10 0.000003
10 0.000003
10 0.000002
10 0.000004
10 0.000003
10 0.000002
10 0.000003
10 0.000002
10 0.000001
10 0.000003
10 0.000003
10 0.000003
10 0.000002
10 0.000002
